Figure_2(a)
FARC
[0.9996933333750928, 
0.9995872898731798, 
0.9994750229194388, 
0.999367745865662, 
0.999261542963292, 
0.9991418658166074, 
0.999033895138531, 
0.9989224778020155, 
0.9987992700195071, 
0.9986762043604871, 
0.9985366087553349, 
0.9983888698717746, 
0.9982320192405957, 
0.9980667020691865, 
0.9978781466232913, 
0.9976770281693446, 
0.9974710798033533, 
0.9972490338364276, 
0.9970181707275289, 
0.9967850382247591, 
0.9965056355293903, 
0.9962077096505875, 
0.9959152729711236, 
0.9955942759791626, 
0.9952491174279046, 
0.9948693170815763, 
0.9944574792458732, 
0.9939915717430383, 
0.9935436856644324, 
0.9930536380685521, 
0.9924722189237262, 
0.9919421289326901, 
0.9913370119995935, 
0.9906751512483616, 
0.9900601541705104, 
0.9893854430409939, 
0.9886593753566665, 
0.9879560384094322, 
0.9872433647915693, 
0.9865152820650117, 
0.985738565510908, 
0.9849838540821095, 
0.9841178917352079, 
0.9833005496517377, 
0.9824280308741642, 
0.9815547568103219, 
0.9806983664862754, 
0.9797873082845435, 
0.9788749418633866, 
0.977993674351375, 
0.977088002195337, 
0.9761462549006467, 
0.9751528920007327, 
0.9741983174136446, 
0.9731542840567246, 
0.9722012343599741, 
0.9711419330640356, 
0.9701294306955535, 
0.9692602309872652, 
0.9681680903949366, 
0.9672462469482325, 
0.9662678380077778, 
0.9653427880917378, 
0.9644444917829502, 
0.9634802927150061, 
0.9626323264741959, 
0.9617839603516846, 
0.9609920731420218, 
0.9600442713075081, 
0.9592789682868788, 
0.9584853220558015, 
0.9577075349936296, 
0.9569388357239702, 
0.9562004838887672, 
0.9554608467921806, 
0.9547974291394273, 
0.9541279738618793, 
0.9534467088523694, 
0.9527724946356888, 
0.9521615464900103, 
0.9515411389203343, 
0.9509956769967122, 
0.9503479481922554, 
0.949845121240577, 
0.9493028584333467, 
0.9487785752335425, 
0.9483294551628125, 
0.9478480812473901, 
0.9474086428545447, 
0.946897798669533, 
0.9464616953281892, 
0.9460413406931597, 
0.945627234611753, 
0.9452514986441161, 
0.944840610465521, 
0.94445026888973, 
0.9441321252449588, 
0.9437652878269333, 
0.9434435094671602, 
0.9431176181457548]

ARC
[0.9996677900603839, 
0.9995303837498448, 
0.9994001666942708, 
0.9992640802417594, 
0.9991249467739894, 
0.9989780185271631, 
0.998840693321408, 
0.9986860631926006, 
0.9985434617288754, 
0.9983891112266082, 
0.9982213871820302, 
0.9980337614843411, 
0.9978291109504319, 
0.9976200161825557, 
0.997379471319228, 
0.997146557191487, 
0.9969151762723691, 
0.9966549277786829, 
0.9963751666557561, 
0.9960750283680111, 
0.9957730730075693, 
0.9954436896318926, 
0.9950594788369004, 
0.9946495640798172, 
0.9942218253011191, 
0.993791996915893, 
0.9933097792693493, 
0.9928293558660262, 
0.9923310088122956, 
0.9918015248077497, 
0.9912677309540412, 
0.9907255020686179, 
0.9901680054819665, 
0.9895536688279175, 
0.9888660366638737, 
0.9882208720623211, 
0.9874803875967649, 
0.9866486651461075, 
0.9858889924234574, 
0.9851654518997724, 
0.9843703501018809, 
0.9835998995938319, 
0.9828145819343217, 
0.981928315559409, 
0.9809752190620223, 
0.9800854004987986, 
0.979242579754347, 
0.9783837262751285, 
0.9773732444594267, 
0.9763354848048696, 
0.9753875852464186, 
0.9743544018142578, 
0.9733226295439109, 
0.9722904397267284, 
0.9712509170154411, 
0.9703213195630893, 
0.9692879908560779, 
0.9682632833318744, 
0.9672628532792524, 
0.9661819169057225, 
0.9651407885039356, 
0.9641108270663116, 
0.9630842235364467, 
0.9620913677843204, 
0.9611166138991043, 
0.9601622239022142, 
0.9591982082835331, 
0.9582005617246937, 
0.9572945862650099, 
0.9563059561412969, 
0.9553786924914508, 
0.9545735530772237, 
0.9536664645835575, 
0.9528632485788782, 
0.9522008578717499, 
0.9514889627817807, 
0.9506949428124356, 
0.949920542880214, 
0.9493001572826503, 
0.9486015811413065, 
0.9479238990184511, 
0.9472659396561959, 
0.946587518624719, 
0.9459110615165892, 
0.945297319988796, 
0.9447288355264831, 
0.9441960308875758, 
0.9437861231367909, 
0.9432085157865134, 
0.942730535354598, 
0.9422555762325427, 
0.9418265741422763, 
0.9413046879088984, 
0.9408706339094738, 
0.9405011548286804, 
0.9401977536721385, 
0.9397779827419185, 
0.9393999276302074, 
0.939019062350914, 
0.9387167817978062]

RC
[0.9994803694365687, 
0.9989625353659675, 
0.9984435864234328, 
0.9979257252754898, 
0.9974068384291505, 
0.9968877181885476, 
0.9963674025410654, 
0.9958453619659229, 
0.9953210108771203, 
0.994793772088258, 
0.9942629452233988, 
0.9937278244613359, 
0.9931876608806304, 
0.99264164628606, 
0.9920889493385672, 
0.9915286942329147, 
0.9909599629939762, 
0.9903818540299109, 
0.9897934319197871, 
0.9891937690006657, 
0.9885819133406922, 
0.9879569910415013, 
0.9873180974746636, 
0.9866643981495467, 
0.9859950712307238, 
0.9853093777731414, 
0.9846066115331064, 
0.9838861706057223, 
0.9831474942522489, 
0.9823901409536023, 
0.981613713579183, 
0.9808179639791467, 
0.9800026820158293, 
0.9791678064275364, 
0.9783133515262762, 
0.9774394363408537, 
0.9765462860040749, 
0.9756342432558076, 
0.9747037302215071, 
0.9737552779717834, 
0.9727894948596677, 
0.9718071302303997, 
0.9708089708359927, 
0.9697959050733874, 
0.9687689223900944, 
0.9677290588006907, 
0.9666774347237876, 
0.9656152231019164, 
0.9645436717667788, 
0.9634640217424044, 
0.9623776500128784, 
0.9612858736764607, 
0.9601900973325583, 
0.9590917484176631, 
0.9579922227110066, 
0.9568929634274956, 
0.9557953861759009, 
0.9547009044478514, 
0.9536109387301974, 
0.9525268610585004, 
0.951450001232772, 
0.9503816689301434, 
0.9493231304626041, 
0.9482755977021002, 
0.9472402206656724, 
0.9462180843617519, 
0.9452102244759006, 
0.9442175715706845, 
0.9432410264557209, 
0.9422813611300966, 
0.9413393175872794, 
0.9404155196771942, 
0.9395105190268536, 
0.938624788355414, 
0.9377587062153715, 
0.9369126002003157, 
0.936086665924273, 
0.935281059301771, 
0.93449585844996, 
0.9337310735069088, 
0.9329866280537075, 
0.9322623740207334, 
0.9315581228797827, 
0.9308736061555166, 
0.9302085262638591, 
0.9295625261230887, 
0.928935181399762, 
0.9283260525869064, 
0.9277346544422558, 
0.9271604354113099, 
0.9266028561149567, 
0.9260613111330442, 
0.9255351719333971, 
0.9250238028444554, 
0.924526507330809, 
0.9240425764668417, 
0.9235712987951449, 
0.9231119438833375, 
0.9226637345569426, 
0.9222258970847378]


Figure_2(b)
FARC
[0.9881593941831689, 
0.9892288595907746, 
0.9901654204711104, 
0.9912514929835486, 
0.9924125778718037, 
0.9932502810748889, 
0.9943544829704737, 
0.9954105071205025, 
0.9965196440887976, 
0.9975574474990344]

ARC
[0.9876578516875258, 
0.988653115734511, 
0.9896604545064048, 
0.9908497345071882, 
0.9919951431362789, 
0.9930590816750144, 
0.9941208204399254, 
0.9953025041526941, 
0.9963339515304591, 
0.9975108247850598]

RC
[0.981216078302058, 
0.9828809345981908, 
0.984525575212922, 
0.9860857985634984, 
0.9877599025441842, 
0.9894338410902908, 
0.9910894917257191, 
0.9927851668567447, 
0.9944606041540984, 
0.9961562286986122]


Figure_3(a)
FARC
[0.9902795420257815, 
0.9869415843410093, 
0.9838561513836102, 
0.9807950207507948, 
0.9779784541806208, 
0.9750059837084762, 
0.971982580428924, 
0.969044394748788, 
0.965875825382516, 
0.9629038023855508, 
0.9597955164333158, 
0.9566591106449212, 
0.953609328008826, 
0.9505824594973944, 
0.9475675168696185, 
0.9438338370038092, 
0.9409507912501798, 
0.9372248370142413, 
0.9341214980809305, 
0.9304280818754908, 
0.9272279942753934, 
0.9237792420679583, 
0.9208966428784773, 
0.9171245231285078, 
0.9138865816432128, 
0.9103051773308001, 
0.9068569726158887, 
0.9037396521284875, 
0.900783605002447, 
0.8976531304964356, 
0.8942149297528497, 
0.8909005766558239, 
0.8877810915529412, 
0.8846647582990983, 
0.8819876344858465, 
0.8785983602212436, 
0.8757247386751618, 
0.8725362291578107, 
0.869681633908115, 
0.8669243007687963, 
0.8638096043640232, 
0.8612231928337867, 
0.8585540285844316, 
0.8557126095351657, 
0.8535197063364152, 
0.8511177193248317, 
0.8484220847732388, 
0.8465402777152677, 
0.8439825587135622, 
0.8420799063873959, 
0.8398378806265311, 
0.8376312334593429, 
0.8356019416067461, 
0.8337564805919961, 
0.8320235691728975, 
0.8301527044476491, 
0.8285547389777779, 
0.8271172113222875, 
0.82570943846442, 
0.8241194545976418, 
0.8228513961775288, 
0.8214489231213515, 
0.8199466961131441, 
0.8186655126832882, 
0.8172254197276065, 
0.8157946233262855, 
0.8141395765296763, 
0.812739550094003, 
0.8113741899270369, 
0.8096060179336136, 
0.8079640092519826, 
0.8062950294381008, 
0.8044309257704074, 
0.8024090076687413, 
0.8002687452610979, 
0.7981667866874361, 
0.7958166201882451, 
0.7937899133590298, 
0.7908982745593857, 
0.788396578342678, 
0.7860064642197836, 
0.7835166557425749, 
0.7806993743874304, 
0.7784335212426704, 
0.7757639056205531, 
0.7728519084541798, 
0.7701605992618081, 
0.7680226418322472, 
0.7658458137055011, 
0.7635557641580891, 
0.7612614555336775, 
0.75918246050057, 
0.7571655463095732, 
0.7554060428278655, 
0.7537363527563027, 
0.7519621262676822, 
0.7503797842435754, 
0.748997659227551, 
0.7471937643122819, 
0.7454971738836773]

ARC
[0.9903789262633914, 
0.9874230708932087, 
0.9842803480041143, 
0.9812827737549148, 
0.9785455673193301, 
0.9757249478946833, 
0.9728796217145107, 
0.9699196342655702, 
0.9668315895864794, 
0.9638640750889063, 
0.960624806121087, 
0.9575509193259383, 
0.954564142447499, 
0.9513682539211578, 
0.948402217273473, 
0.9451843410403287, 
0.9418564300580452,  
0.9385400640879612, 
0.9352920675471313, 
0.932213958661869, 
0.9287488921383859, 
0.9253669441818217, 
0.9221903848770251, 
0.9183090713793525, 
0.9150595705426082, 
0.9117616781375627, 
0.9085059262033796, 
0.9050677036503224, 
0.9020728299351524, 
0.8987392574325705, 
0.8957145818161856, 
0.8924402035681007, 
0.8892274601307494, 
0.8858886943492705, 
0.8831558045677417, 
0.8802963810257431, 
0.8776968121217162, 
0.8749909087221308, 
0.8721138614146816, 
0.86959752633162, 
0.8667139757386428, 
0.863794535174129, 
0.8609853142288136, 
0.8585248391409969, 
0.8556283016404799, 
0.8532729353302987, 
0.8511673778764735, 
0.8491115690039289, 
0.8469305589320207, 
0.8447673076666053, 
0.842848740768432, 
0.8411890167283673, 
0.8395507305965989, 
0.8377186351547606, 
0.8360261560369948, 
0.8342212872503197, 
0.8323955651879537, 
0.8309110779262535, 
0.8294705934580322, 
0.8280424828512184, 
0.8266649474574376, 
0.8252106320850058, 
0.8240982006362386, 
0.8225636490347176, 
0.8213314919658099, 
0.8200890754079804, 
0.8186014522622898, 
0.8169464441643652, 
0.8155721481464525, 
0.8140813459501072, 
0.8121275316353629, 
0.8103223145777262, 
0.8084506043604228, 
0.8063573139105088, 
0.804468997789705, 
0.8025788425715034, 
0.8003160508403494, 
0.7981868583585036, 
0.7960880803225706, 
0.793898096279772, 
0.7913361253620155, 
0.7890015902190499, 
0.786655891812733, 
0.7843431808312167, 
0.7820101575381787, 
0.7795995992788433, 
0.7764820143292982, 
0.774675538102742, 
0.772402625648923, 
0.7700920600442119, 
0.7679798475292953, 
0.7662390704241815, 
0.7641864977129927, 
0.7622045543242066, 
0.760168217245423, 
0.758151797516784, 
0.7561530924284942, 
0.7545252918859001, 
0.7528898173566173, 
0.751397531656956]

RC with hard truncation
[0.9933713828577772, 
0.986114646500803, 
0.9782418829848583, 
0.9697819777132695, 
0.9607758731018828, 
0.9512751210520616, 
0.9413486300168641, 
0.9310707325867105, 
0.9205178468944984, 
0.9097587388151123, 
0.8988434288429077, 
0.8878087325609446, 
0.876672811139617, 
0.8654384681055685, 
0.8541061470844726, 
0.8426736314164247, 
0.831160355349945, 
0.8195963266945997, 
0.8080350964033503, 
0.796543707633258, 
0.7851915999258416, 
0.7740510189722692, 
0.7631844241626213, 
0.7526394505431863, 
0.7424459477092358, 
0.7326166527134647, 
0.7231555928472604, 
0.7140613100151265, 
0.705329328215185, 
0.6969663102591634, 
0.6889835752605719, 
0.6813943255549398, 
0.6742292950801675, 
0.6675007139857062, 
0.6612243588372464, 
0.6554059063342843, 
0.6500346633172006, 
0.6450911876521475, 
0.6405332518272205, 
0.6363124278662068, 
0.632367101282663, 
0.6286371144348204, 
0.6250554976573102, 
0.6215652299946947, 
0.6181090516338023, 
0.6146442930962127, 
0.6111337444210893, 
0.6075546663649734, 
0.60389099193775, 
0.6001359305598103, 
0.5962907385972529, 
0.592358784030733, 
0.5883459854141005, 
0.5842590099098179, 
0.5800988927947933, 
0.575860743557104, 
0.5715373902897776, 
0.5671119320021512, 
0.5625741146851745, 
0.5579157560663752, 
0.5531301222669489, 
0.5482288073610934, 
0.5432225884626668, 
0.5381421154748783, 
0.5330098720175852, 
0.5278568218298529, 
0.5226949021743549, 
0.5175332911325549, 
0.5123614054936595, 
0.507159819213125, 
0.5019058091706875, 
0.4965740814221332, 
0.4911429174414594, 
0.48560660023597607, 
0.47997196172324347, 
0.4742540606765905, 
0.4684831347189079, 
0.4626942927443274, 
0.4569175766357639, 
0.4511872865747237, 
0.44552881660054483, 
0.439951068620705, 
0.4344691036863688, 
0.42908141182012755, 
0.42379591753690543, 
0.4186193257194042, 
0.41357010807323025, 
0.40866308867430623, 
0.40393160528898053, 
0.3994058433652152, 
0.3951220634670943, 
0.39111188810144987, 
0.38740091322329134, 
0.3840068144455864, 
0.38093675814392125, 
0.37819325122089414, 
0.3757672880893063, 
0.3736476863752601, 
0.3718210943592792, 
0.37027092452816396]

RC with equal weight
[0.9904011204676233, 
0.9810562980991723, 
0.9719391676301737, 
0.9630326815089704, 
0.9543191851154725, 
0.9457818609481827, 
0.9374124441238411, 
0.9291971585936203, 
0.9211272803458718, 
0.9132000515636403, 
0.9054115320693978, 
0.8977574897817057, 
0.8902380254975382, 
0.8828529902456573, 
0.8756045344248864, 
0.8684944676346349, 
0.8615242208545003, 
0.8546981863960011, 
0.8480184924247824, 
0.8414883373591041, 
0.835111280930654, 
0.8288895750848033, 
0.8228251340209585, 
0.816917442205419, 
0.8111667167898975, 
0.8055747687542734, 
0.8001392684023773, 
0.7948579746405864, 
0.7897284081350568, 
0.7847478275007184, 
0.7799123549798564, 
0.7752199490974991, 
0.7706650224695328, 
0.7662419561203592, 
0.7619492571944095, 
0.7577811296204638, 
0.7537366420050123, 
0.7498105608495901, 
0.7460014875223565, 
0.7423076104916021, 
0.7387241179921774, 
0.7352509929842324, 
0.7318869198201889, 
0.728630759276364, 
0.7254798119027878, 
0.7224355394279198, 
0.7194944390022595, 
0.7166560052066377, 
0.7139193653325812, 
0.7112768279970757, 
0.7087315441379294, 
0.7062754210145346, 
0.70390631627111, 
0.7016189163318216, 
0.6994073094078008, 
0.6972639431262663, 
0.695182554658038, 
0.693155385293241, 
0.6911727555989167, 
0.6892294336869357, 
0.6873137725575497, 
0.6854180294969465, 
0.6835337971904881, 
0.6816542471075967, 
0.6797724880111781, 
0.6778807510112715, 
0.6759737514356161, 
0.6740479926827866, 
0.672100194451257, 
0.6701296512488569, 
0.6681344219779654, 
0.6661164105690045, 
0.6640793175370818, 
0.6620249139470238, 
0.6599599998942459, 
0.6578883986652937, 
0.6558186012122953, 
0.6537561570889583, 
0.6517105067924998, 
0.6496870780749171, 
0.6476948632298302, 
0.6457412482068884, 
0.643831915070555, 
0.6419720256224684, 
0.6401678790746922, 
0.6384203277991831, 
0.6367340180505899, 
0.6351095531201366, 
0.6335480990107335, 
0.6320488438745027, 
0.6306111938281591, 
0.6292334132556305, 
0.6279121969723924, 
0.6266437691687129, 
0.6254277175259049, 
0.6242592268579997, 
0.6231355049707848, 
0.6220527395183019, 
0.6210082352345807, 
0.6200002183291278]


Figure_3(b)
FARC
[0.9161144989124789, 
0.9233327117887232, 
0.9307714273166753, 
0.9368815123639996, 
0.9428124698336949, 
0.9514804461920491, 
0.958382853803447, 
0.9658770786863313, 
0.9737028660978327, 
0.9816082620213342]

ARC
[0.9179990843714159, 
0.9241347142318362, 
0.9317810317809694, 
0.9380247047066763, 
0.9462531786034004, 
0.9527697401084428, 
0.9595925445302623, 
0.9670476964457158, 
0.9748126631374626, 
0.9821498542949415]

RC with hard truncation
[0.5719185161311974, 
0.5674869511663811, 
0.5640475768240277, 
0.5634191609871462, 
0.5685253341366145, 
0.5824221706583415, 
0.6061002145847867, 
0.6410721851258335, 
0.6877645867665102, 
0.7513061645916786]

RC with equal weight
[0.8082651997037477, 
0.8205955698456114, 
0.8334984566122502, 
0.8464295307606707, 
0.861117178621881, 
0.8766865768340362, 
0.8930381193848835, 
0.9108187039250771, 
0.9294766580753069, 
0.9495691106799616]


Figure_4(a)
FARC
[0.9990033421768707, 
0.9985270810174609, 
0.9980343173667545, 
0.9975605090371753, 
0.9970685995506726, 
0.9965836146435016, 
0.9961134893083268, 
0.9956305247755716, 
0.9951543393000711, 
0.9946559239539323, 
0.9941902225220397, 
0.9936638109458354, 
0.9931853595396598, 
0.9926908118277358, 
0.9921681698790743, 
0.9915890038346894, 
0.9910315822316326, 
0.9904522397141743, 
0.98992629935988, 
0.9894023808422434, 
0.9888088500323223, 
0.9881865963159508, 
0.9875347462457599, 
0.9870015816306669, 
0.9863823023486662, 
0.9857315010677534, 
0.9850603774216872, 
0.9844326389829401, 
0.9838015488410735, 
0.9830975310890723, 
0.9823709671508744, 
0.9816377739606569, 
0.9810098143356911, 
0.9803471753648489, 
0.9795942042597335, 
0.9789449619734196, 
0.9782332528664106, 
0.977569911735417, 
0.9769131009668918, 
0.9760983357094067, 
0.9754913409873825, 
0.9748834942592517, 
0.9741124842662626, 
0.9733131584792571, 
0.9725483704178506, 
0.9717876519683556, 
0.9709993027389638, 
0.9703159805998341, 
0.9695251744846235, 
0.968744422895104, 
0.9679174878028386, 
0.9670615268033084, 
0.9662614923521604, 
0.9655082048023356, 
0.9647157689315953, 
0.9638710970842703, 
0.9629730876620303, 
0.9621369165098309, 
0.961286559995769, 
0.9605174495666626, 
0.9596738980645632, 
0.9587287034344749, 
0.9578892389153915, 
0.9571037034018914, 
0.9562282157526175, 
0.9553694244898079, 
0.9544801021921862, 
0.9534977900476184, 
0.9525809586068146, 
0.9518140114158028, 
0.9509228360094039, 
0.9499949379074799, 
0.9490961584261043, 
0.9481143841172609, 
0.9473044125100707, 
0.9463512139095305, 
0.9456296404627939, 
0.9446761798647869, 
0.9436886853864911, 
0.9427690321239562, 
0.9417375645345464, 
0.9410711434170063, 
0.9400982728132732, 
0.939143402484129, 
0.9382610025016984, 
0.9372941466262883, 
0.9363395700564907, 
0.9354090182067641, 
0.9344817772074695, 
0.9335491855007585, 
0.9327005750267727, 
0.9316650813239282, 
0.9306077503156048, 
0.9296125117324928, 
0.9286161007188916, 
0.9276345549302117, 
0.9267690815503142, 
0.9258401589451793, 
0.9247287405513063, 
0.9237847794464081]

ARC
[0.9989476051473933, 
0.9983952281260521, 
0.9978389440763581, 
0.9972869575182209, 
0.9967497558737035, 
0.9961962450910787, 
0.9956360658491027, 
0.9951109647556773, 
0.9945394280340774, 
0.9939360743823167, 
0.9934464250163751, 
0.9928272602799872, 
0.9923645369365048, 
0.9917909231733469, 
0.9912547875757205, 
0.9906787964999506, 
0.9900976662203943, 
0.9895290264623158, 
0.9889019363079281, 
0.988306458098383, 
0.987762461892434, 
0.987150841225023, 
0.9865173343992661, 
0.9859214839170488, 
0.9852322010109336, 
0.9846027657637907, 
0.983964979488687, 
0.9833192683950249, 
0.9826544265649838, 
0.9819867677908418, 
0.9813214388396254, 
0.9806378356225417, 
0.9799539091553205, 
0.9792887987613226, 
0.9785615932162329, 
0.9779702008449895, 
0.9773382684796927, 
0.9766285603537712, 
0.9759406156299071, 
0.9753026697086405, 
0.9745053888489048, 
0.9737629793626671, 
0.9730055159647402, 
0.9722531571516853, 
0.9715197979707472, 
0.9707382849193696, 
0.970008965245228, 
0.9692704090680483, 
0.9685509029145399, 
0.9677226998632227, 
0.9669363620043547, 
0.966065462903913, 
0.96529331969791, 
0.9643986050631526, 
0.9636164316902515, 
0.9628541587283949, 
0.9620553705844929, 
0.9612127560394707, 
0.9604808232716604, 
0.9597020482147347, 
0.9588507205569425, 
0.9578469749643052, 
0.9569167437276065, 
0.956045115532757, 
0.9551351210321612, 
0.9545072434760471, 
0.9535397157432804, 
0.9527192562821448, 
0.9519386461184975, 
0.9509793908985525, 
0.9500786553303324, 
0.9491152556121663, 
0.9483075853005198, 
0.9473743576039163, 
0.9464985628774646, 
0.945622459947267, 
0.9446240125150093, 
0.9437480448293416, 
0.9428674317321205, 
0.9420631548928668, 
0.9411872595322359, 
0.940343162964624, 
0.9394303817605805, 
0.9384929556877027, 
0.9375660267965547, 
0.9367559701929199, 
0.9357581805524363, 
0.9347875735228237, 
0.9336719464324805, 
0.9326984062912949, 
0.9317318215733751, 
0.9308677374421217, 
0.9299341113741862, 
0.9289532512383724, 
0.9280832253802608, 
0.9271818975158869, 
0.9261349255055439, 
0.9250672088558429, 
0.9240892367230025, 
0.9231584130597108]

RC with hard truncation
[0.9987790563766495, 
0.9975570653184148, 
0.996330591540087, 
0.9950984397130828, 
0.9938582567823459, 
0.992606554949861, 
0.9913401242508767, 
0.9900556662720106, 
0.9887498365459011, 
0.9874225906761116, 
0.9860679729826286, 
0.9846859670679157, 
0.9832734378564677, 
0.9818296247575321, 
0.9803510306697583, 
0.9788356599179202, 
0.9772841296418465, 
0.9756948768498488, 
0.9740619783416672, 
0.9723898298079898, 
0.9706742299822527, 
0.9689161374206839, 
0.9671123686419837, 
0.9652657716003977, 
0.9633724637409955, 
0.9614354878414636, 
0.9594508949631274, 
0.9574200267262487, 
0.9553456378611316, 
0.9532242940276313, 
0.9510576875618845, 
0.9488439461833681, 
0.9465858006903598, 
0.944282712557508, 
0.941936302631504, 
0.93954562423438, 
0.9371129107303712, 
0.9346363274309284, 
0.9321191527558778, 
0.9295593457955343, 
0.9269597911161154, 
0.9243213996977867, 
0.9216462114846069, 
0.9189335049255418, 
0.9161832268853574, 
0.9133987726701528, 
0.9105811949746773, 
0.9077283681582109, 
0.9048434380812032, 
0.9019286762586457, 
0.8989820677104715, 
0.8960083829040063, 
0.8930059733241794, 
0.8899775001564582, 
0.8869231679045714, 
0.8838432157059093, 
0.8807398675280309, 
0.8776144370517905, 
0.8744674684119881, 
0.8713008707368477, 
0.8681155774980289, 
0.864911639138476, 
0.8616902208318213, 
0.8584519318673318, 
0.8551991427675341, 
0.8519315979255745, 
0.8486513212184578, 
0.8453580395903889, 
0.8420527082088346, 
0.8387395146350048, 
0.8354145230806012, 
0.8320822445749193, 
0.8287429781151302, 
0.8253954638067901, 
0.8220421591791504, 
0.8186834783571403, 
0.8153204143930434, 
0.8119554604235968, 
0.8085870487756875, 
0.8052163886496632, 
0.8018437238720041, 
0.7984710018951952, 
0.7950984596332915, 
0.7917277520891395, 
0.7883580648805895, 
0.784989347803816, 
0.7816263288866986, 
0.7782649641765575, 
0.7749077423727018, 
0.7715548435807101, 
0.7682084699691601, 
0.7648672293111691, 
0.7615331596086815, 
0.7582052685285305, 
0.7548866700208194, 
0.7515751987377781, 
0.748273564684522, 
0.7449803402744766, 
0.7416992552767797, 
0.7384283442100932]

RC with equal weight
[0.9989767663423613, 
0.9979538187700959, 
0.9969316223887427, 
0.9959121168658158, 
0.9948920600448085, 
0.9938760688368792, 
0.992859042398068, 
0.9918435780851698, 
0.9908287758402775, 
0.9898145625554045, 
0.9888013196104595, 
0.9877845942783218, 
0.9867703855783854, 
0.9857544269468662, 
0.9847401907000887, 
0.9837207602619795, 
0.982701266724583, 
0.9816809059183859, 
0.9806589126180918, 
0.9796344668653275, 
0.9786095587264017, 
0.9775800707165421, 
0.9765485757425499, 
0.9755161862710596, 
0.9744819464764711, 
0.9734433244321515, 
0.9724023329535757, 
0.9713570870015028, 
0.9703110354288099, 
0.9692607093043949, 
0.9682075520833746, 
0.9671517398426864, 
0.9660917542756573, 
0.965029122871125, 
0.9639627251871254, 
0.9628938949907564, 
0.9618200475609334, 
0.9607443075832907, 
0.9596631609841919, 
0.9585804577913976, 
0.9574933763868388, 
0.9564020923673365, 
0.9553077774581145, 
0.9542114305583673, 
0.9531117836984102, 
0.9520067663416268, 
0.9508986959766905, 
0.9497864490979449, 
0.9486710185974424, 
0.9475544889872576, 
0.9464325421363798, 
0.945307407422379, 
0.9441787962728465, 
0.9430463181436207, 
0.9419112260349389, 
0.9407731711752017, 
0.9396319830534684, 
0.9384862540793922, 
0.9373384696612514, 
0.9361880374060592, 
0.9350323433703586, 
0.9338752524744115, 
0.9327149942644589, 
0.9315511452264805, 
0.9303846635833097, 
0.9292160953576172, 
0.928044571026455, 
0.926871361182848, 
0.9256942925254953, 
0.924514790553858, 
0.9233335659428347, 
0.9221492398684445, 
0.9209631074612611, 
0.9197742321034867, 
0.9185837848763254, 
0.9173914468739257, 
0.9161973015467435, 
0.9150013794705835, 
0.9138032225543413, 
0.912604219781676, 
0.9114046839616464, 
0.9102039118811377, 
0.9090011312456122, 
0.9077992975447446, 
0.9065941774599389, 
0.9053904521068361, 
0.9041854320082399, 
0.9029804703124101, 
0.9017749200671855, 
0.9005696772805745, 
0.8993633884061998, 
0.8981582934086014, 
0.8969547405725306, 
0.8957511818979554, 
0.8945487751138553, 
0.8933470706925024, 
0.8921467273790167, 
0.8909474862689739, 
0.8897494275108739, 
0.8885526162341657]


Figure_4(b)
FARC
[0.983865790833998, 
0.9853513686207109, 
0.9868235253155566, 
0.9881102744721523, 
0.9894143227085677, 
0.9910244663612688, 
0.9923386726219052, 
0.9936720913160921, 
0.9952834803549603, 
0.996725140689786]

ARC
[0.983757225202715, 
0.9850685488335156, 
0.9865071786855547, 
0.9879072015418636, 
0.9893518542265467, 
0.9907719929879415, 
0.9922496908558258, 
0.9938254785049219, 
0.9952112087390799, 
0.9967020587145455]

RC with hard truncation
[0.9415150928123817, 
0.9459244744050377, 
0.9504210693697255, 
0.954813795249335, 
0.9596754560667763, 
0.9646872468496388, 
0.9698043752707197, 
0.975206395517073, 
0.9807016527776653, 
0.9864304258476955]

RC with equal weight
[0.9727738876355602, 
0.9751632236633093, 
0.9775295884857715, 
0.9797769302942243, 
0.9821938499298051, 
0.9846141113924987, 
0.9870140988365274, 
0.9894787248986271, 
0.9919155338969743, 
0.9943873126219209]


Figure_5(a)
p_1
[0.6143340192778379,
 0.49469816791796534,
 0.6552717078992749,
 0.607633477705074,
 0.6029316560352708,
 0.625873694422597,
 0.5950900224771865,
 0.6098502244069246,
 0.6348742587806394,
 0.7552977656178259,
 0.6406510892497809,
 0.6697066848100801,
 0.648810487887197,
 0.6870483424992547,
 0.6203126487828167,
 0.6795695682885555,
 0.6884992449974704,
 0.629122964375084,
 0.6264109315806093,
 0.6948968990403476,
 0.5246688919117676,
 0.5630012679936421,
 0.6914399331091388,
 0.7013429123815343,
 0.5487811564615824,
 0.587910030989607,
 0.5498110839832316,
 0.739009969682785,
 0.6468284189150698,
 0.7016293284596191,
 0.6906896302038876,
 0.6367856584686371,
 0.6225423397291245,
 0.612610668381125,
 0.6673751037193244,
 0.5636796565723422,
 0.7208216877034771,
 0.7519105642880766,
 0.6047577783341156,
 0.6247088862246416,
 0.5991767226914814,
 0.5730525766882435,
 0.6710664523650289,
 0.6163088537075576,
 0.6230423873211578,
 0.6851368380778851,
 0.6346801194790308,
 0.6464366089516164,
 0.8510031839006991,
 0.6357925057208013,
 0.5407963840472813,
 0.5696766730022702,
 0.5189151212040853,
 0.5779020453579811,
 0.6513235879912356,
 0.5500958932831009,
 0.6351911712819736,
 0.6333275439546121,
 0.6087542272736581,
 0.64946556228481,
 0.6696087110347969,
 0.5843696803666928,
 0.6749254872259993,
 0.5753131403378218,
 0.6301283589633755,
 0.7085544645732328,
 0.6294654357605117,
 0.6565422059004544,
 0.6546329328634959,
 0.5473523671101251,
 0.6224420842099808,
 0.6134689766491742,
 0.5516725238654246,
 0.7095457523465436,
 0.5371609513003336,
 0.6350610913241198,
 0.6238480038983515,
 0.6115766943002762,
 0.5503703003624263,
 0.5924542887140999,
 0.6147766402001755,
 0.6326127815399455,
 0.7056286107700039,
 0.646384898822762,
 0.7119467569909654,
 0.597718121732726,
 0.6897956698360922,
 0.7141817210301984,
 0.5828886018928913,
 0.7294507685566104,
 0.6350851345553787,
 0.6505259874800725,
 0.5876187941359681,
 0.7148020245270043,
 0.6781777221722727,
 0.6519501861379566,
 0.6315889440991775,
 0.7037730872298957,
 0.6410868081362239,
 0.6303203489054406]

p_2
[0.11479662450426296,
 0.21800598064134372,
 0.1166616132905367,
 0.1648278122981043,
 0.1831578634759811,
 0.1383090962981578,
 0.13374478918636504,
 0.1566810883936443,
 0.09353242494916206,
 0.054717255846122324,
 0.1057735901111297,
 0.13039248122485267,
 0.10058571084339282,
 0.14401468390997954,
 0.1923482491662637,
 0.1382555651031907,
 0.08769956771688099,
 0.15412271317767298,
 0.12994262628826994,
 0.08888384948869388,
 0.2042642869917205,
 0.15678949836969058,
 0.055044511336281285,
 0.048545842496236176,
 0.13401265345951602,
 0.13351846931114486,
 0.19444133888462492,
 0.056825562393822644,
 0.14391386936793224,
 0.07061844629912403,
 0.04329670599789309,
 0.13531064207886032,
 0.17462641515148428,
 0.15535730629788752,
 0.08808842943500059,
 0.2033449734111395,
 0.03967442838186027,
 0.022741920624384314,
 0.13986054228247646,
 0.1166922106723668,
 0.1991543535601928,
 0.18478077235286325,
 0.06419847186544199,
 0.16504406946370648,
 0.17102661210493664,
 0.12774828628453438,
 0.11849114580421463,
 0.10805310406488967,
 0.05922954146880593,
 0.14986079388591425,
 0.21075663115882143,
 0.24068373006161736,
 0.2080019054784493,
 0.18438245429319036,
 0.16806282688105942,
 0.24388913619655492,
 0.16785110110726667,
 0.16505742752583918,
 0.14831053174765702,
 0.13893217708780314,
 0.03704982241894617,
 0.17524645046566434,
 0.09594662067976606,
 0.17914763253986013,
 0.1849074093448309,
 0.09501059265964254,
 0.14544768045420695,
 0.1589901870102756,
 0.16937069650313757,
 0.23552481301048014,
 0.16672573993924486,
 0.14705685770808333,
 0.1902831666974354,
 0.05681617496325553,
 0.21716074048452483,
 0.13833961671668968,
 0.19470485130977366,
 0.16599115329720004,
 0.21844416406153966,
 0.1668645588203418,
 0.18376543173939872,
 0.1591736922880004,
 0.1381194584341513,
 0.16468172993660735,
 0.007198554659847129,
 0.20124943255261374,
 0.1460313763275974,
 0.11965624644269755,
 0.20160599096226348,
 0.10647297153339946,
 0.17049461324507162,
 0.14219363610635868,
 0.2065521910006073,
 0.17152707133744421,
 0.12824554503666855,
 0.1558073736334106,
 0.1334779757621575,
 0.056292735949006086,
 0.19020103178243444,
 0.21235104746047762]

p_3
[0.27086935621789915,
 0.287295851440691,
 0.2280666788101883,
 0.22753870999682171,
 0.21391048048874817,
 0.23581720927924518,
 0.2711651883364485,
 0.23346868719943112,
 0.27159331627019856,
 0.18998497853605176,
 0.25357532063908944,
 0.19990083396506717,
 0.2506038012694101,
 0.16893697359076568,
 0.1873391020509196,
 0.18217486660825374,
 0.22380118728564863,
 0.21675432244724316,
 0.24364644213112072,
 0.21621925147095852,
 0.271066821096512,
 0.2802092336366672,
 0.25351555555458005,
 0.2501112451222295,
 0.31720619007890155,
 0.27857149969924805,
 0.25574757713214347,
 0.20416446792339232,
 0.20925771171699803,
 0.22775222524125685,
 0.26601366379821934,
 0.2279036994525027,
 0.20283124511939118,
 0.23203202532098746,
 0.2445364668456751,
 0.23297537001651822,
 0.23950388391466265,
 0.22534751508753897,
 0.25538167938340794,
 0.25859890310299166,
 0.2016689237483259,
 0.2421666509588932,
 0.26473507576952915,
 0.21864707682873585,
 0.2059310005739056,
 0.18711487563758056,
 0.24682873471675448,
 0.24551028698349395,
 0.08976727463049496,
 0.2143467003932845,
 0.24844698479389737,
 0.1896395969361124,
 0.27308297331746534,
 0.23771550034882852,
 0.180613585127705,
 0.20601497052034418,
 0.19695772761075975,
 0.20161502851954863,
 0.24293524097868474,
 0.21160226062738682,
 0.2933414665462568,
 0.24038386916764284,
 0.22912789209423462,
 0.24553922712231804,
 0.18496423169179366,
 0.19643494276712462,
 0.22508688378528138,
 0.18446760708927004,
 0.17599637063336646,
 0.2171228198793948,
 0.21083217585077418,
 0.23947416564274246,
 0.2580443094371399,
 0.2336380726902009,
 0.24567830821514158,
 0.22659929195919062,
 0.18144714479187496,
 0.22243215240252365,
 0.23118553557603402,
 0.24068115246555838,
 0.2014579280604258,
 0.20821352617205421,
 0.15625193079584482,
 0.18893337124063067,
 0.2808546883491874,
 0.2010324457146601,
 0.16417295383631048,
 0.16616203252710396,
 0.21550540714484523,
 0.16407625990999022,
 0.19442025219954964,
 0.20728037641356883,
 0.2058290148634245,
 0.11367090413555156,
 0.19357673279105894,
 0.1922424402286327,
 0.2349330801386649,
 0.23993417682109822,
 0.1687121600813417,
 0.15732860363408177]


Figure_5(b)
p_1
[0.3391986683435103,
 0.36649408149171725,
 0.4269049506235417,
 0.3467692735121746,
 0.3985924875639246,
 0.34708405086236843,
 0.39337522025959176,
 0.31736147550971316,
 0.3940133068543861,
 0.4089700090969442,
 0.37265506163907497,
 0.3854937262183584,
 0.3333863554030736,
 0.36624483598330615,
 0.3627669751634204,
 0.3708871856065919,
 0.3413893485164258,
 0.4143717364234788,
 0.38444803526380184,
 0.38259101234715337,
 0.29228531166733135,
 0.34298582421742935,
 0.3837458753687582,
 0.3903280837525877,
 0.37232016324579126,
 0.30067277198287423,
 0.4043377661782791,
 0.359352225042825,
 0.3947641980179081,
 0.3714919594418368,
 0.3848464069060511,
 0.41933034126936686,
 0.42029458089304317,
 0.4079655051985102,
 0.36989088214134275,
 0.4631024423550446,
 0.4147211137010336,
 0.37636569303302847,
 0.40817127553797466,
 0.408017819368092,
 0.41703196740775444,
 0.43728831993811423,
 0.42299759057286485,
 0.424482759075968,
 0.3067304236029894,
 0.41252661952695846,
 0.4596103305352854,
 0.430607259236858,
 0.44401756069549864,
 0.4213386475258768,
 0.4603816249894231,
 0.49188008096899904,
 0.43049964058130924,
 0.4791101886429617,
 0.46646953100722865,
 0.4783003969188571,
 0.46506702451668636,
 0.5104408136062216,
 0.4543367857922348,
 0.47592348568120985,
 0.4308757980250184,
 0.44857395201760386,
 0.4680514452222604,
 0.4752750638331715,
 0.5075662362433716,
 0.479550714592541,
 0.5017825566958323,
 0.5292266203819594,
 0.45870863090642044,
 0.5005620973807303,
 0.45882450369154854,
 0.4915500588197988,
 0.4961958168216878,
 0.47722972257737056,
 0.47965078997388616,
 0.5155816940224393,
 0.5156906326904841,
 0.4958017605263092,
 0.531595993551537,
 0.519290523302559,
 0.5088866152216299,
 0.5100222826648871,
 0.5406859884901368,
 0.5200851181652781,
 0.5382607739604277,
 0.5126884665134654,
 0.5433865711546141,
 0.48450917996618,
 0.5725692900680895,
 0.5171423420068083,
 0.5343900473292764,
 0.5343910722086328,
 0.5256553885251551,
 0.5284782786873489,
 0.5476991476539868,
 0.5492152142466399,
 0.5360548038882378,
 0.5142691396066434,
 0.5571337161083485,
 0.5491088274169731]

p_2
[0.07084240302648333,
 0.09819716329956776,
 0.02136207837976537,
 0.06313026581925793,
 0.05374050464883602,
 0.06917515461500491,
 0.050416015555284605,
 0.07042750614778427,
 0.11037103826224644,
 0.04270633550617451,
 0.04531628841332702,
 0.10273006916774635,
 0.10749215210088907,
 0.018311341319602686,
 0.05498481309589093,
 0.09982562666162617,
 0.08966440395883474,
 0.01565870006638131,
 0.07765037544788332,
 0.1338483333623127,
 0.08821105683447136,
 0.13048319551214013,
 0.13104053129589216,
 0.113951710048223,
 0.12460745798391808,
 0.13558895100652377,
 0.13076760957735326,
 0.1330749734958277,
 0.12864284511189947,
 0.10094622085191822,
 0.12143453161525163,
 0.10697028943705071,
 0.12081375203099345,
 0.11859387889303494,
 0.11665202916628259,
 0.07879504766254812,
 0.09692909790954071,
 0.13556438873679938,
 0.0856653144660086,
 0.1238361960677319,
 0.10488886598322637,
 0.08900077357974222,
 0.09336758509197922,
 0.10682640428177619,
 0.10667687854558562,
 0.11607068690076351,
 0.08957149322895565,
 0.12018671378364561,
 0.09710455594829795,
 0.11050490966612206,
 0.10354740697533667,
 0.03766090947095518,
 0.09229067695162595,
 0.08763536770623721,
 0.09794957481550975,
 0.1020200418316044,
 0.08400198279338485,
 0.04302607807133476,
 0.10834463261733855,
 0.08448027231009816,
 0.12340870024878989,
 0.08528577559653733,
 0.09375683555532065,
 0.1064320573427741,
 0.08277096010698419,
 0.09282012481988897,
 0.04348501842639527,
 0.05703917559131627,
 0.09781078749429935,
 0.09420723693984673,
 0.09248977293935101,
 0.09205190071808111,
 0.0875163083802515,
 0.09887740903463378,
 0.08875320199016,
 0.07519978889158749,
 0.09525656370643965,
 0.09836506364176323,
 0.04771988823570582,
 0.07764753498088692,
 0.10615291818419219,
 0.08778583991363972,
 0.0641235468334902,
 0.08560991174971484,
 0.0661979925941767,
 0.09816113233943279,
 0.07573295289188696,
 0.07429739400689193,
 0.09183077345135007,
 0.08310721643716067,
 0.07346160848670959,
 0.09781467636037108,
 0.08183527203346477,
 0.08475450061110668,
 0.07607222217444821,
 0.07784619075786275,
 0.08951549607329527,
 0.10485414759426417,
 0.08250227028963938,
 0.0859668347625597]

p_3
[0.5899589286300064,
 0.535308755208715,
 0.5517329709966929,
 0.5901004606685674,
 0.5476670077872393,
 0.5837407945226266,
 0.5562087641851235,
 0.6122110183425026,
 0.4956156548833674,
 0.5483236553968812,
 0.582028649947598,
 0.5117762046138953,
 0.5591214924960374,
 0.6154438226970913,
 0.5822482117406886,
 0.529287187731782,
 0.5689462475247394,
 0.5699695635101397,
 0.5379015892883148,
 0.4835606542905339,
 0.6195036314981973,
 0.5265309802704305,
 0.4852135933353497,
 0.49572020619918933,
 0.5030723787702905,
 0.5637382770106019,
 0.4648946242443677,
 0.5075728014613473,
 0.4765929568701925,
 0.5275618197062449,
 0.4937190614786972,
 0.47369936929358253,
 0.45889166707596346,
 0.47344061590845476,
 0.5134570886923746,
 0.45810250998240726,
 0.4883497883894257,
 0.4880699182301721,
 0.5061634099960167,
 0.4681459845641761,
 0.4780791666090191,
 0.4737109064821436,
 0.483634824335156,
 0.46869083664225586,
 0.586592697851425,
 0.471402693572278,
 0.4508181762357589,
 0.4492060269794964,
 0.4588778833562034,
 0.4681564428080011,
 0.4360709680352402,
 0.4704590095600458,
 0.4772096824670649,
 0.4332544436508011,
 0.4355808941772616,
 0.41967956124953854,
 0.45093099268992876,
 0.4465331083224437,
 0.43731858159042664,
 0.43959624200869196,
 0.4457155017261916,
 0.4661402723858588,
 0.438191719222419,
 0.4182928788240545,
 0.40966280364964414,
 0.4276291605875701,
 0.45473242487777243,
 0.4137342040267243,
 0.4434805815992802,
 0.405230665679423,
 0.44868572336910045,
 0.41639804046212003,
 0.41628787479806073,
 0.4238928683879956,
 0.431596008035954,
 0.40921851708597334,
 0.3890528036030763,
 0.4058331758319276,
 0.42068411821275725,
 0.403061941716554,
 0.38496046659417793,
 0.4021918774214732,
 0.39519046467637314,
 0.39430497008500687,
 0.3955412334453957,
 0.3891504011471017,
 0.38088047595349894,
 0.44119342602692807,
 0.33559993648056036,
 0.39975044155603107,
 0.392148344184014,
 0.3677942514309961,
 0.39250933944138,
 0.3867672207015444,
 0.37622863017156516,
 0.3729385949954974,
 0.37442970003846693,
 0.38087671279909247,
 0.3603640136020121,
 0.3649243378204672]